-------------------------
####### only -O2 #######

# min-time flags
-fthread-jumps -foptimize-sibling-calls -fgcse -fexpensive-optimizations -fstrength-reduce -frerun-cse-after-loop -fschedule-insns2 -fsched-interblock -fsched-spec -fregmove -fdelete-null-pointer-checks -freorder-functions -falign-loops -falign-labels -ftree-vrp

# min-time
0.278

# random flags time repo
['0.3220', '0.3460', '0.3140', '0.3400', '0.3840', '0.3620', '0.3420', '0.3060', '0.3020', '0.3320', '0.3080', '0.3600', '0.3320', '0.2940', '0.3960', '0.4240', '0.4440', '0.2860', '0.2780', '0.5540']

# opt spaces
[0 1 0 1 0 1 1 0 1 0 1 0 1 1 0 1 0 0 0 1 1 1 1 1 0 1 0 1 0] [0 0 0 0 1 1 1 1 1 1 1 0 1 0 0 0 1 1 0 1 0 1 1 1 0 1 1 1 1] [0 1 0 1 1 0 0 1 1 0 1 1 1 0 1 0 1 0 1 1 1 1 0 1 0 0 1 1 1] [0 1 1 1 1 1 0 0 1 1 1 0 1 1 0 1 1 0 1 1 0 0 1 0 0 0 0 1 0] [1 0 0 0 0 0 1 0 1 1 1 1 1 1 1 0 0 0 0 1 0 0 0 0 0 0 0 1 1] [0 0 1 0 1 0 1 1 1 1 0 0 1 1 1 0 1 1 1 0 1 0 1 0 0 1 1 0 1] [1 0 0 0 1 0 0 1 1 0 0 0 0 1 0 1 0 0 1 0 1 0 1 1 0 1 1 0 1] [1 0 0 0 1 0 1 0 0 0 0 0 0 1 0 0 1 0 1 1 0 1 0 0 0 1 1 1 1] [0 0 1 0 1 0 1 1 0 1 1 0 0 1 0 1 1 1 0 0 1 0 1 0 1 0 0 1 1] [0 1 0 1 0 1 0 1 1 1 0 0 1 1 1 0 1 0 0 1 1 0 1 1 0 1 0 1 1] [0 0 0 1 0 0 1 0 0 1 0 1 1 0 1 0 0 1 1 1 1 0 0 1 0 0 1 0 1] [1 1 1 1 0 1 0 0 1 1 1 0 1 1 1 1 0 0 1 0 1 0 0 0 1 1 1 1 0] [0 1 0 0 1 0 1 1 1 0 0 1 0 0 1 1 0 0 1 0 1 1 1 0 0 0 0 0 0] [0 0 0 0 1 1 1 0 1 1 0 1 1 0 0 0 0 1 0 0 1 0 0 0 0 0 0 1 1] [0 0 0 1 1 0 0 0 1 0 0 0 1 0 0 0 1 0 1 1 0 1 0 0 1 0 0 1 1] [1 0 0 1 0 1 1 1 1 0 1 0 0 1 1 1 0 0 1 0 0 0 0 0 0 1 1 0 1] [1 0 0 0 0 1 1 0 1 0 0 0 0 1 0 1 1 1 0 0 0 1 1 0 0 0 1 1 0] [1 1 1 0 1 1 0 0 0 1 0 0 0 0 1 1 1 0 1 1 1 1 0 1 0 0 0 1 1] [1 0 1 0 0 1 0 1 1 1 0 0 0 0 1 1 1 1 0 1 0 1 0 0 0 1 1 1 0] [0 1 1 1 1 0 0 0 1 0 1 0 1 1 0 0 0 0 1 0 0 1 0 1 1 0 0 0 0]
-------------------------
####### only -O3 #######

# min-time flags
-floop-interchange -floop-unroll-and-jam -ftree-loop-vectorize -ftree-partial-pre -ftree-slp-vectorize -funswitch-loops

# min-time
0.264

# random flags time repo
['0.4060', '0.2800', '0.4380', '0.3360', '0.4320', '0.3540', '0.2900', '0.3080', '0.2960', '0.4640', '0.5280', '0.4100', '0.3000', '0.3880', '0.3100', '0.3380', '0.3980', '0.3800', '0.2820', '0.2640']

# opt spaces
[0 1 0 1 0 1 1 0 1 0 1 0 1 1 0 1 0 0 0 1 1 1 1 1 0 1 0 1 0] [0 0 0 0 1 1 1 1 1 1 1 0 1 0 0 0 1 1 0 1 0 1 1 1 0 1 1 1 1] [0 1 0 1 1 0 0 1 1 0 1 1 1 0 1 0 1 0 1 1 1 1 0 1 0 0 1 1 1] [0 1 1 1 1 1 0 0 1 1 1 0 1 1 0 1 1 0 1 1 0 0 1 0 0 0 0 1 0] [1 0 0 0 0 0 1 0 1 1 1 1 1 1 1 0 0 0 0 1 0 0 0 0 0 0 0 1 1] [0 0 1 0 1 0 1 1 1 1 0 0 1 1 1 0 1 1 1 0 1 0 1 0 0 1 1 0 1] [1 0 0 0 1 0 0 1 1 0 0 0 0 1 0 1 0 0 1 0 1 0 1 1 0 1 1 0 1] [1 0 0 0 1 0 1 0 0 0 0 0 0 1 0 0 1 0 1 1 0 1 0 0 0 1 1 1 1] [0 0 1 0 1 0 1 1 0 1 1 0 0 1 0 1 1 1 0 0 1 0 1 0 1 0 0 1 1] [0 1 0 1 0 1 0 1 1 1 0 0 1 1 1 0 1 0 0 1 1 0 1 1 0 1 0 1 1] [0 0 0 1 0 0 1 0 0 1 0 1 1 0 1 0 0 1 1 1 1 0 0 1 0 0 1 0 1] [1 1 1 1 0 1 0 0 1 1 1 0 1 1 1 1 0 0 1 0 1 0 0 0 1 1 1 1 0] [0 1 0 0 1 0 1 1 1 0 0 1 0 0 1 1 0 0 1 0 1 1 1 0 0 0 0 0 0] [0 0 0 0 1 1 1 0 1 1 0 1 1 0 0 0 0 1 0 0 1 0 0 0 0 0 0 1 1] [0 0 0 1 1 0 0 0 1 0 0 0 1 0 0 0 1 0 1 1 0 1 0 0 1 0 0 1 1] [1 0 0 1 0 1 1 1 1 0 1 0 0 1 1 1 0 0 1 0 0 0 0 0 0 1 1 0 1] [1 0 0 0 0 1 1 0 1 0 0 0 0 1 0 1 1 1 0 0 0 1 1 0 0 0 1 1 0] [1 1 1 0 1 1 0 0 0 1 0 0 0 0 1 1 1 0 1 1 1 1 0 1 0 0 0 1 1] [1 0 1 0 0 1 0 1 1 1 0 0 0 0 1 1 1 1 0 1 0 1 0 0 0 1 1 1 0] [0 1 1 1 1 0 0 0 1 0 1 0 1 1 0 0 0 0 1 0 0 1 0 1 1 0 0 0 0]
-------------------------
####### -O2 -O3 #######

# min-time flags -O2
-fcrossjumping -fcse-follow-jumps -fgcse -fexpensive-optimizations -fstrength-reduce -frerun-cse-after-loop -fpeephole2 -fschedule-insns -fschedule-insns2 -fsched-spec -fdelete-null-pointer-checks -freorder-blocks -funit-at-a-time -falign-functions -falign-loops -ftree-vrp -ftree-pre
# min-time flags -O3
-floop-unroll-and-jam -fpeel-loops -fpredictive-commoning -fsplit-paths -ftree-loop-distribution -ftree-loop-vectorize -ftree-partial-pre -ftree-slp-vectorize -fvect-cost-model

# min-time
0.242

# random flags time repo
['0.2620', '0.3160', '0.2620', '0.2840', '0.3180', '0.2500', '0.2460', '0.2620', '0.2480', '0.2420', '0.2540', '0.2480', '0.2480', '0.2800', '0.2800', '0.2760', '0.2680', '0.2520', '0.2520', '0.2800', '0.3100', '0.3440', '0.2560', '0.2480', '0.2540', '0.2440', '0.2520', '0.2640', '0.2720', '0.2700', '0.2700', '0.2820', '0.2940', '0.2760', '0.2860', '0.2820', '0.2740', '0.2800', '0.2760', '0.2800']

# opt spaces -O2
[0 1 0 1 0 1 1 0 1 0 1 0 1 1 0 1 0 0 0 1 1 1 1 1 0 1 0 1 0] [0 0 0 0 1 1 1 1 1 1 1 0 1 0 0 0 1 1 0 1 0 1 1 1 0 1 1 1 1] [0 1 0 1 1 0 0 1 1 0 1 1 1 0 1 0 1 0 1 1 1 1 0 1 0 0 1 1 1] [0 1 1 1 1 1 0 0 1 1 1 0 1 1 0 1 1 0 1 1 0 0 1 0 0 0 0 1 0] [1 0 0 0 0 0 1 0 1 1 1 1 1 1 1 0 0 0 0 1 0 0 0 0 0 0 0 1 1] [0 0 1 0 1 0 1 1 1 1 0 0 1 1 1 0 1 1 1 0 1 0 1 0 0 1 1 0 1] [1 0 0 0 1 0 0 1 1 0 0 0 0 1 0 1 0 0 1 0 1 0 1 1 0 1 1 0 1] [1 0 0 0 1 0 1 0 0 0 0 0 0 1 0 0 1 0 1 1 0 1 0 0 0 1 1 1 1] [0 0 1 0 1 0 1 1 0 1 1 0 0 1 0 1 1 1 0 0 1 0 1 0 1 0 0 1 1] [0 1 0 1 0 1 0 1 1 1 0 0 1 1 1 0 1 0 0 1 1 0 1 1 0 1 0 1 1] [0 0 0 1 0 0 1 0 0 1 0 1 1 0 1 0 0 1 1 1 1 0 0 1 0 0 1 0 1] [1 1 1 1 0 1 0 0 1 1 1 0 1 1 1 1 0 0 1 0 1 0 0 0 1 1 1 1 0] [0 1 0 0 1 0 1 1 1 0 0 1 0 0 1 1 0 0 1 0 1 1 1 0 0 0 0 0 0] [0 0 0 0 1 1 1 0 1 1 0 1 1 0 0 0 0 1 0 0 1 0 0 0 0 0 0 1 1] [0 0 0 1 1 0 0 0 1 0 0 0 1 0 0 0 1 0 1 1 0 1 0 0 1 0 0 1 1] [1 0 0 1 0 1 1 1 1 0 1 0 0 1 1 1 0 0 1 0 0 0 0 0 0 1 1 0 1] [1 0 0 0 0 1 1 0 1 0 0 0 0 1 0 1 1 1 0 0 0 1 1 0 0 0 1 1 0] [1 1 1 0 1 1 0 0 0 1 0 0 0 0 1 1 1 0 1 1 1 1 0 1 0 0 0 1 1] [1 0 1 0 0 1 0 1 1 1 0 0 0 0 1 1 1 1 0 1 0 1 0 0 0 1 1 1 0] [0 1 1 1 1 0 0 0 1 0 1 0 1 1 0 0 0 0 1 0 0 1 0 1 1 0 0 0 0]
# opt spaces -O3
[0 0 0 0 1 1 0 0 0 0 0 1 1 0] [0 1 0 0 0 0 0 0 0 0 0 0 1 0] [1 0 1 0 1 0 1 1 1 0 1 0 0 0] [1 0 0 0 0 1 1 1 1 1 1 0 0 1] [0 0 1 0 0 1 0 0 0 1 0 1 1 0] [1 1 1 1 0 1 1 0 0 0 1 0 0 1] [1 0 1 0 0 1 0 0 1 1 1 1 1 0] [0 0 1 0 1 0 1 0 1 1 1 0 1 0] [1 1 1 1 0 0 1 0 1 1 1 0 1 0] [0 0 0 1 1 1 0 1 1 1 1 1 0 1] [0 0 1 1 0 0 1 0 1 0 0 0 0 0] [0 0 1 1 0 1 0 0 0 1 1 0 0 0] [0 1 0 1 1 1 1 0 1 1 1 0 1 0] [0 0 0 1 1 1 0 0 0 0 0 0 0 0] [0 1 0 0 0 0 1 0 1 0 0 1 1 1] [1 1 0 0 1 0 0 1 1 1 1 0 0 0] [0 0 0 0 1 0 1 1 0 0 1 1 0 1] [0 0 0 0 0 1 1 1 1 0 1 1 1 1] [0 1 1 0 1 1 0 1 1 1 1 0 1 0] [0 0 1 1 0 0 0 0 0 1 1 1 1 0]
